tensor([[1., 0., 0., 0.],
        [0., 1., 0., 0.],
        [0., 0., 1., 0.],
        [0., 0., 0., 1.]])

tensor([[ 1.0000e+00, -9.9789e-03,  2.5393e-03, -3.6686e-03],
        [ 9.9798e-03,  1.0000e+00,  3.3222e-04, -6.2647e-07],
        [-2.5354e-03, -2.9973e-04,  9.9999e-01, -7.0552e-05],
        [ 0.0000e+00,  0.0000e+00,  0.0000e+00,  1.0000e+00]], device='cuda:0')

tensor([[ 9.9996e-01, -1.8256e-02,  4.9800e-03, -6.6262e-03],
        [ 1.8255e-02,  9.9997e-01,  9.0567e-04, -4.5917e-04],
        [-4.9831e-03, -8.0245e-04,  9.9999e-01, -9.9242e-05],
        [ 0.0000e+00,  0.0000e+00,  0.0000e+00,  1.0000e+00]], device='cuda:0')

tensor([[ 9.9986e-01, -2.6605e-02,  7.4740e-03, -9.7700e-03],
        [ 2.6599e-02,  9.9988e-01,  1.7297e-03, -1.2488e-03],
        [-7.4954e-03, -1.5127e-03,  9.9998e-01, -1.4271e-04],
        [ 0.0000e+00,  0.0000e+00,  0.0000e+00,  1.0000e+00]], device='cuda:0')

tensor([[ 9.9977e-01, -3.5771e-02,  1.0249e-02, -1.3413e-02],
        [ 3.5750e-02,  9.9979e-01,  2.0588e-03, -1.4414e-03],
        [-1.0288e-02, -1.6663e-03,  9.9997e-01, -1.7210e-04],
        [ 0.0000e+00,  0.0000e+00,  0.0000e+00,  1.0000e+00]], device='cuda:0')

tensor([[ 9.9955e-01, -4.8114e-02,  1.2622e-02, -1.7082e-02],
        [ 4.8077e-02,  9.9957e-01,  2.3816e-03, -1.3620e-03],
        [-1.2689e-02, -1.7443e-03,  9.9997e-01, -1.7518e-04],
        [ 0.0000e+00,  0.0000e+00,  0.0000e+00,  1.0000e+00]], device='cuda:0')

tensor([[ 9.9866e-01, -6.4361e-02,  1.5070e-02, -2.1265e-02],
        [ 6.4290e-02,  9.9869e-01,  2.8767e-03, -2.3545e-03],
        [-1.5189e-02, -1.8723e-03,  9.9996e-01, -1.0669e-04],
        [ 0.0000e+00,  0.0000e+00,  0.0000e+00,  1.0000e+00]], device='cuda:0')

tensor([[ 9.9722e-01, -8.2909e-02,  1.7447e-02, -2.5781e-02],
        [ 8.2829e-02,  9.9726e-01,  3.8667e-03, -4.0530e-03],
        [-1.7674e-02, -2.3801e-03,  9.9996e-01, -8.0665e-06],
        [ 0.0000e+00,  0.0000e+00,  0.0000e+00,  1.0000e+00]], device='cuda:0')

tensor([[ 9.9517e-01, -1.0376e-01,  1.9921e-02, -3.0699e-02],
        [ 1.0368e-01,  9.9521e-01,  4.5113e-03, -5.3010e-03],
        [-2.0247e-02, -2.3938e-03,  9.9995e-01,  1.1218e-04],
        [ 0.0000e+00,  0.0000e+00,  0.0000e+00,  1.0000e+00]], device='cuda:0')

tensor([[ 9.9299e-01, -1.2281e-01,  2.2511e-02, -3.6336e-02],
        [ 1.2273e-01,  9.9305e-01,  5.1523e-03, -6.5672e-03],
        [-2.2934e-02, -2.3251e-03,  9.9994e-01,  3.0172e-04],
        [ 0.0000e+00,  0.0000e+00,  0.0000e+00,  1.0000e+00]], device='cuda:0')

tensor([[ 9.9086e-01, -1.4050e-01,  2.4480e-02, -4.1161e-02],
        [ 1.4042e-01,  9.9091e-01,  5.7339e-03, -7.2852e-03],
        [-2.5005e-02, -2.2111e-03,  9.9995e-01,  4.7243e-04],
        [ 0.0000e+00,  0.0000e+00,  0.0000e+00,  1.0000e+00]], device='cuda:0')

tensor([[ 9.8861e-01, -1.5491e-01,  2.6543e-02, -4.5644e-02],
        [ 1.5477e-01,  9.8867e-01,  6.2664e-03, -7.5926e-03],
        [-2.7162e-02, -2.0511e-03,  9.9994e-01,  6.2446e-04],
        [ 0.0000e+00,  0.0000e+00,  0.0000e+00,  1.0000e+00]], device='cuda:0')

tensor([[ 9.8718e-01, -1.6488e-01,  2.8636e-02, -4.9890e-02],
        [ 1.6474e-01,  9.8724e-01,  6.8835e-03, -8.1413e-03],
        [-2.9334e-02, -2.0387e-03,  9.9994e-01,  7.0566e-04],
        [ 0.0000e+00,  0.0000e+00,  0.0000e+00,  1.0000e+00]], device='cuda:0')

tensor([[ 9.8680e-01, -1.6806e-01,  3.0887e-02, -5.4050e-02],
        [ 1.6792e-01,  9.8687e-01,  7.4581e-03, -8.8149e-03],
        [-3.1639e-02, -2.1365e-03,  9.9993e-01,  8.2179e-04],
        [ 0.0000e+00,  0.0000e+00,  0.0000e+00,  1.0000e+00]], device='cuda:0')

tensor([[ 9.8705e-01, -1.6683e-01,  3.2884e-02, -5.6702e-02],
        [ 1.6669e-01,  9.8712e-01,  7.9570e-03, -1.0194e-02],
        [-3.3693e-02, -2.3371e-03,  9.9993e-01,  9.3106e-04],
        [ 0.0000e+00,  0.0000e+00,  0.0000e+00,  1.0000e+00]], device='cuda:0')

