tensor([[1., 0., 0., 0.],
        [0., 1., 0., 0.],
        [0., 0., 1., 0.],
        [0., 0., 0., 1.]])

tensor([[ 9.9937e-01, -2.3209e-02, -8.9775e-04,  2.7647e-03],
        [ 2.3211e-02,  9.9936e-01,  1.9717e-03, -4.2746e-03],
        [ 8.9314e-04, -1.9823e-03,  9.9998e-01,  8.3764e-05],
        [ 0.0000e+00,  0.0000e+00,  0.0000e+00,  1.0000e+00]], device='cuda:0')

tensor([[ 9.9867e-01, -4.5355e-02, -2.8030e-03,  4.7096e-03],
        [ 4.5362e-02,  9.9867e-01,  2.0420e-03, -5.2362e-03],
        [ 2.7654e-03, -2.1377e-03,  9.9999e-01,  5.8711e-05],
        [ 0.0000e+00,  0.0000e+00,  0.0000e+00,  1.0000e+00]], device='cuda:0')

tensor([[ 9.9729e-01, -6.4949e-02, -5.5463e-03,  8.0285e-03],
        [ 6.4961e-02,  9.9731e-01,  2.2413e-03, -6.7316e-03],
        [ 5.4491e-03, -2.5638e-03,  9.9998e-01,  1.0085e-04],
        [ 0.0000e+00,  0.0000e+00,  0.0000e+00,  1.0000e+00]], device='cuda:0')

tensor([[ 9.9535e-01, -8.6442e-02, -1.0435e-02,  1.5369e-02],
        [ 8.6470e-02,  9.9539e-01,  2.5037e-03, -6.7107e-03],
        [ 1.0232e-02, -3.3691e-03,  9.9994e-01,  2.4976e-04],
        [ 0.0000e+00,  0.0000e+00,  0.0000e+00,  1.0000e+00]], device='cuda:0')

tensor([[ 9.9264e-01, -1.1088e-01, -1.6613e-02,  2.3133e-02],
        [ 1.1097e-01,  9.9321e-01,  2.3039e-03, -6.8133e-03],
        [ 1.6318e-02, -4.0841e-03,  9.9990e-01,  3.3208e-04],
        [ 0.0000e+00,  0.0000e+00,  0.0000e+00,  1.0000e+00]], device='cuda:0')

tensor([[ 9.9043e-01, -1.2861e-01, -2.1367e-02,  3.0608e-02],
        [ 1.2869e-01,  9.9100e-01,  1.9333e-03, -8.2219e-03],
        [ 2.1033e-02, -4.6278e-03,  9.9991e-01,  5.5989e-04],
        [ 0.0000e+00,  0.0000e+00,  0.0000e+00,  1.0000e+00]], device='cuda:0')

tensor([[ 9.8708e-01, -1.5036e-01, -2.5131e-02,  3.7243e-02],
        [ 1.5034e-01,  9.8816e-01, -5.8687e-04, -5.7249e-03],
        [ 2.5055e-02, -3.1473e-03,  9.9990e-01,  8.2825e-04],
        [ 0.0000e+00,  0.0000e+00,  0.0000e+00,  1.0000e+00]], device='cuda:0')

tensor([[ 9.8399e-01, -1.6915e-01, -2.6919e-02,  4.0320e-02],
        [ 1.6914e-01,  9.8502e-01, -1.9056e-03, -4.4281e-03],
        [ 2.7004e-02, -2.6360e-03,  9.9994e-01,  9.7140e-04],
        [ 0.0000e+00,  0.0000e+00,  0.0000e+00,  1.0000e+00]], device='cuda:0')

tensor([[ 9.7967e-01, -1.9226e-01, -2.8826e-02,  4.3618e-02],
        [ 1.9219e-01,  9.8071e-01, -5.1261e-03,  3.7383e-03],
        [ 2.9427e-02, -4.7516e-04,  9.9993e-01,  1.2389e-03],
        [ 0.0000e+00,  0.0000e+00,  0.0000e+00,  1.0000e+00]], device='cuda:0')

tensor([[ 0.9754, -0.2116, -0.0306,  0.0459],
        [ 0.2114,  0.9764, -0.0086,  0.0103],
        [ 0.0319,  0.0020,  0.9999,  0.0016],
        [ 0.0000,  0.0000,  0.0000,  1.0000]], device='cuda:0')

tensor([[ 0.9712, -0.2309, -0.0324,  0.0499],
        [ 0.2305,  0.9723, -0.0112,  0.0148],
        [ 0.0343,  0.0035,  0.9999,  0.0019],
        [ 0.0000,  0.0000,  0.0000,  1.0000]], device='cuda:0')

tensor([[ 0.9683, -0.2426, -0.0318,  0.0486],
        [ 0.2423,  0.9692, -0.0124,  0.0180],
        [ 0.0340,  0.0044,  1.0000,  0.0021],
        [ 0.0000,  0.0000,  0.0000,  1.0000]], device='cuda:0')

tensor([[ 0.9629, -0.2621, -0.0335,  0.0542],
        [ 0.2619,  0.9639, -0.0125,  0.0180],
        [ 0.0358,  0.0033,  0.9999,  0.0022],
        [ 0.0000,  0.0000,  0.0000,  1.0000]], device='cuda:0')

tensor([[ 9.5920e-01, -2.7423e-01, -3.4720e-02,  5.5628e-02],
        [ 2.7405e-01,  9.6022e-01, -1.0807e-02,  1.4587e-02],
        [ 3.6680e-02,  8.8000e-04,  9.9995e-01,  2.3654e-03],
        [ 0.0000e+00,  0.0000e+00,  0.0000e+00,  1.0000e+00]], device='cuda:0')

tensor([[ 0.9551, -0.2864, -0.0365,  0.0596],
        [ 0.2866,  0.9566, -0.0078,  0.0099],
        [ 0.0375, -0.0030,  1.0000,  0.0025],
        [ 0.0000,  0.0000,  0.0000,  1.0000]], device='cuda:0')

tensor([[ 0.9526, -0.2932, -0.0380,  0.0631],
        [ 0.2935,  0.9541, -0.0072,  0.0107],
        [ 0.0388, -0.0042,  0.9999,  0.0028],
        [ 0.0000,  0.0000,  0.0000,  1.0000]], device='cuda:0')

tensor([[ 0.9472, -0.3097, -0.0388,  0.0634],
        [ 0.3101,  0.9487, -0.0060,  0.0101],
        [ 0.0391, -0.0062,  1.0000,  0.0029],
        [ 0.0000,  0.0000,  0.0000,  1.0000]], device='cuda:0')

tensor([[ 0.9440, -0.3187, -0.0395,  0.0652],
        [ 0.3191,  0.9455, -0.0040,  0.0081],
        [ 0.0391, -0.0088,  1.0000,  0.0031],
        [ 0.0000,  0.0000,  0.0000,  1.0000]], device='cuda:0')

tensor([[ 0.9389, -0.3316, -0.0402,  0.0652],
        [ 0.3319,  0.9404, -0.0018,  0.0074],
        [ 0.0390, -0.0115,  1.0000,  0.0033],
        [ 0.0000,  0.0000,  0.0000,  1.0000]], device='cuda:0')

tensor([[ 9.3514e-01, -3.4015e-01, -4.1657e-02,  6.7561e-02],
        [ 3.4073e-01,  9.3663e-01, -3.5669e-04,  5.6986e-03],
        [ 3.9672e-02, -1.3771e-02,  9.9993e-01,  3.4518e-03],
        [ 0.0000e+00,  0.0000e+00,  0.0000e+00,  1.0000e+00]], device='cuda:0')

tensor([[ 0.9331, -0.3444, -0.0422,  0.0682],
        [ 0.3453,  0.9345,  0.0026,  0.0017],
        [ 0.0391, -0.0169,  1.0000,  0.0036],
        [ 0.0000,  0.0000,  0.0000,  1.0000]], device='cuda:0')

tensor([[ 9.3109e-01, -3.4862e-01, -4.3448e-02,  7.1153e-02],
        [ 3.4947e-01,  9.3255e-01,  4.5438e-03,  1.6526e-05],
        [ 3.9456e-02, -1.9421e-02,  9.9991e-01,  3.8504e-03],
        [ 0.0000e+00,  0.0000e+00,  0.0000e+00,  1.0000e+00]], device='cuda:0')

tensor([[ 0.9279, -0.3558, -0.0467,  0.0784],
        [ 0.3567,  0.9294,  0.0069, -0.0022],
        [ 0.0414, -0.0231,  0.9998,  0.0043],
        [ 0.0000,  0.0000,  0.0000,  1.0000]], device='cuda:0')

tensor([[ 0.9252, -0.3607, -0.0486,  0.0833],
        [ 0.3618,  0.9267,  0.0086, -0.0041],
        [ 0.0424, -0.0257,  0.9999,  0.0047],
        [ 0.0000,  0.0000,  0.0000,  1.0000]], device='cuda:0')

tensor([[ 0.9235, -0.3639, -0.0495,  0.0873],
        [ 0.3652,  0.9249,  0.0097, -0.0047],
        [ 0.0427, -0.0272,  0.9999,  0.0051],
        [ 0.0000,  0.0000,  0.0000,  1.0000]], device='cuda:0')

tensor([[ 0.9216, -0.3668, -0.0509,  0.0917],
        [ 0.3683,  0.9231,  0.0104, -0.0049],
        [ 0.0437, -0.0286,  0.9999,  0.0055],
        [ 0.0000,  0.0000,  0.0000,  1.0000]], device='cuda:0')

tensor([[ 0.9220, -0.3640, -0.0527,  0.0970],
        [ 0.3657,  0.9235,  0.0100, -0.0039],
        [ 0.0455, -0.0288,  0.9999,  0.0059],
        [ 0.0000,  0.0000,  0.0000,  1.0000]], device='cuda:0')

tensor([[ 9.1907e-01, -3.6964e-01, -5.3962e-02,  1.0012e-01],
        [ 3.7137e-01,  9.2059e-01,  9.4971e-03, -9.9471e-04],
        [ 4.6566e-02, -2.9009e-02,  9.9993e-01,  6.1329e-03],
        [ 0.0000e+00,  0.0000e+00,  0.0000e+00,  1.0000e+00]], device='cuda:0')

tensor([[ 0.9129, -0.3832, -0.0549,  0.1017],
        [ 0.3849,  0.9144,  0.0085,  0.0018],
        [ 0.0473, -0.0291,  1.0000,  0.0063],
        [ 0.0000,  0.0000,  0.0000,  1.0000]], device='cuda:0')

tensor([[ 0.9083, -0.3939, -0.0547,  0.1010],
        [ 0.3956,  0.9097,  0.0087,  0.0036],
        [ 0.0467, -0.0298,  1.0000,  0.0062],
        [ 0.0000,  0.0000,  0.0000,  1.0000]], device='cuda:0')

tensor([[ 0.9028, -0.4055, -0.0537,  0.0990],
        [ 0.4074,  0.9042,  0.0085,  0.0044],
        [ 0.0454, -0.0298,  1.0000,  0.0061],
        [ 0.0000,  0.0000,  0.0000,  1.0000]], device='cuda:0')

tensor([[ 0.8964, -0.4186, -0.0547,  0.1009],
        [ 0.4206,  0.8979,  0.0085,  0.0036],
        [ 0.0460, -0.0309,  0.9999,  0.0062],
        [ 0.0000,  0.0000,  0.0000,  1.0000]], device='cuda:0')

tensor([[ 0.8916, -0.4282, -0.0551,  0.1017],
        [ 0.4302,  0.8930,  0.0086,  0.0024],
        [ 0.0460, -0.0318,  1.0000,  0.0063],
        [ 0.0000,  0.0000,  0.0000,  1.0000]], device='cuda:0')

tensor([[ 0.8846, -0.4418, -0.0556,  0.1014],
        [ 0.4438,  0.8861,  0.0087,  0.0025],
        [ 0.0459, -0.0328,  1.0000,  0.0062],
        [ 0.0000,  0.0000,  0.0000,  1.0000]], device='cuda:0')

tensor([[ 0.8764, -0.4580, -0.0568,  0.1041],
        [ 0.4600,  0.8779,  0.0086,  0.0044],
        [ 0.0464, -0.0341,  0.9999,  0.0064],
        [ 0.0000,  0.0000,  0.0000,  1.0000]], device='cuda:0')

tensor([[ 0.8757, -0.4591, -0.0570,  0.1044],
        [ 0.4611,  0.8771,  0.0081,  0.0055],
        [ 0.0468, -0.0339,  1.0000,  0.0066],
        [ 0.0000,  0.0000,  0.0000,  1.0000]], device='cuda:0')

tensor([[ 0.8775, -0.4546, -0.0586,  0.1075],
        [ 0.4566,  0.8791,  0.0078,  0.0054],
        [ 0.0485, -0.0341,  0.9999,  0.0068],
        [ 0.0000,  0.0000,  0.0000,  1.0000]], device='cuda:0')

tensor([[ 0.8752, -0.4587, -0.0589,  0.1102],
        [ 0.4606,  0.8767,  0.0062,  0.0072],
        [ 0.0494, -0.0331,  1.0000,  0.0071],
        [ 0.0000,  0.0000,  0.0000,  1.0000]], device='cuda:0')

tensor([[ 0.8725, -0.4634, -0.0586,  0.1115],
        [ 0.4653,  0.8740,  0.0050,  0.0085],
        [ 0.0496, -0.0321,  1.0000,  0.0073],
        [ 0.0000,  0.0000,  0.0000,  1.0000]], device='cuda:0')

tensor([[ 0.8682, -0.4710, -0.0588,  0.1135],
        [ 0.4729,  0.8697,  0.0025,  0.0104],
        [ 0.0506, -0.0304,  1.0000,  0.0075],
        [ 0.0000,  0.0000,  0.0000,  1.0000]], device='cuda:0')

